# keyframe format v1
fps 0
0
48
198
199
543
724
838
940
1165
1975
2085
2235
2415
2595
2622
2678
2734
2757
2784
2836
2866
2904
2921
2946
3087
3128
3455
3479
3501
3587
3634
3799
3938
3961
3990
4021
4073
4175
4240
4409
4497
4574
4744
4838
5016
5211
5328
5495
5603
5680
5756
5828
5928
6035
6133
6226
6281
6412
6544
6710
6803
6953
7099
7309
7411
7492
7677
7790
7855
8052
8207
8575
8657
8722
8812
8904
8999
9219
9309
9447
9493
9634
9759
9892
9994
10025
10080
10131
10169
10301
10378
10473
10550
10619
10683
10789
11057
11111
11225
11301
11354
11383
11432
11487
11627
11709
11865
11956
12015
12107
12167
12230
12341
12377
12499
12732
12767
12847
12989
13050
13231
13366
13529
13753
13816
13872
14150
14217
14333
14495
14635
14953
15033
15133
15249
15310
15329
15411
15454
15808
15849
15889
16001
16114
16460
16549
16649
16771
16802
16853
16882
16956
17021
17109
17161
17276
17331
17459
17499
17559
17666
17746
17771
17790
17819
17843
17915
17942
17972
18042
18127
18188
18222
18459
18860
19037
19137
19402
19483
19515
19584
19629
19734
20258
20381
20445
20608
20713
20754
20828
20863
20892
20917
20930
20943
20954
20989
21019
21138
21277
21310
21420
21477
21537
21567
21598
21605
21636
21665
21704
21711
21733
21753
21857
21943
22156
22255
22278
22435
22484
22548
22592
22646
22716
22756
22792
22851
22853
22883
22892
22919
23021
23058
23105
23123
23149
23168
23210
23249
23275
23351
23425
23556
23572
23583
23595
23621
23634
23665
23754
23802
23873
23950
24033
24101
24352
24589
24624
24737
24818
24980
25089
25284
25423
25464
25568
25630
25781
25826
25957
26252
26337
26511
26635
26710
26752
27310
27388
27595
27767
27844
28019
28132
28171
28384
28415
28500
28538
28539
28541
28595
28650
28696
28736
28795
28796
28832
28927
28942
28945
28963
28977
29027
29100
29165
29222
29289
29327
29395
29417
29482
29530
29559
29602
29750
29811
29848
29886
29920
29959
30039
30181
30270
30318
30421
30479
30524
30573
30617
30705
30823
30897
31010
31019
31064
31109
31162
31209
31339
31559
31670
31702
31780
31833
31898
31934
32282
32363
32468
32601
32946
33092
33187
33366
33419
33712
33815
33912
34014
34141
34443
34641
34821
35061
35179
35417
35483
35593
35642
35729
35795
35900
35991
36098
36286
36432
36525
36628
36667
36699
36800
36861
37077
37158
37280
37402
37467
37565
37738
37819
38056
38162
38248
38322
38438
38612
38855
38965
39064
39131
39235
39361
39510
39542
39737
39786
39823
39868
39923
40149
40205
40252
40464
40541
40655
40749
40937
41014
41149
41246
41322
41481
41556
41585
41698
41810
41868
41897
42004
42651
42773
42992
43179
43294
43541
43762
43988
44220
44296
44366
44516
44656
44799
44904
45068
45164
45227
45384
45762
45889
46127
46444
46556
46874
47334
47426
47580
47625
47746
47845
47974
48196
48260
48363
48819
48924
49371
49482
49937
50044
50172
50534
50580
50630
50682
50735
50835
51020
51076
51195
51241
51331
51473
51790
51944
52002
52198
52391
52447
52630
52777
53193
53300
53356
53378
53394
53528
53983
54173
54225
54342
54358
54378
54413
54483
54542
54643
54754
54834
54891
55009
55149
55366
55527
55661
55764
55809
55934
56054
56097
56301
56330
56419
56464
56528
56592
56632
56687
56733
56788
56834
56883
56944
57035
57073
57135
57203
57235
57254
57280
57314
57363
57420
57449
57488
57561
57595
57629
57665
57673
57709
57786
57947
58145
58275
58430
58504
58743
58896
58956
59155
59263
59577
59653
59733
59935
60002
60065
60247
60357
60395
60445
60537
60620
60738
60834
60963
61050
61182
61314
61533
61657
61887
61936
62216
62378
62599
62641
62695
62759
62804
62899
63021
63067
63180
63328
63409
63544
64020
64096
64215
64295
64414
64480
64557
64780
64874
64937
64961
64991
65015
65029
65045
65056
65073
65110
65230
65382
65459
65527
65584
65616
65651
65765
66057
66140
66286
66333
66414
66483
66564
66681
66911
67003
67171
67264
67460
67671
67738
67938
68014
68099
68200
68257
68306
68353
68471
68845
68977
69059
69160
69229
69381
69520
69668
69714
69839
69952
70092
70167
70283
70350
70466
70566
70668
70754
70804
70871
70901
70920
70948
70993
71116
71192
71235
71317
71381
71465
71577
71777
71844
72067
72129
72364
72490
72577
72700
72844
72929
72993
73098
73156
73238
73293
73329
73366
73367
73368
73445
73503
73543
73578
73605
73678
73735
73788
73836
73861
73914
73930
73953
73976
74037
74096
74157
74225
74282
74350
74578
74763
74809
74894
75014
75028
75063
75136
75199
75286
75343
75682
75794
75976
76031
76160
76302
76342
76418
76498
76611
76701
76966
77111
77323
77408
77475
77522
77640
77720
77780
77847
77887
78035
78081
78163
78218
78280
78316
78382
78417
78505
78576
78856
78953
79037
79188
79206
79236
79284
79446
79527
79725
80005
80130
80309
80345
80390
80454
80729
81185
81324
81445
81475
81561
81615
81674
81720
81765
81820
81867
81977
82060
82121
82269
82299
82327
82351
82377
82409
82449
82520
82546
82870
83163
83415
83529
83614
83882
83995
84158
84290
84346
84579
84650
84794
84915
84990
85283
85383
85647
85926
85966
86043
86101
86316
86385
86631
86876
87129
87244
87384
87519
87585
87713
87800
87846
87929
88044
88101
88183
88287
88363
88450
88506
88730
88877
88948
89166
89286
89415
89449
89486
89501
89561
89601
89711
89820
89864
89944
90176
90259
90311
90456
90504
90566
90610
90781
90851
90888
90970
91051
91090
91114
91151
91160
91227
91260
91354
91462
91531
91724
91770
91985
92217
92220
92273
92529
92641
92693
92870
92987
93187
93291
93415
93462
93519
93595
93659
93934
94083
94386
94460
94580
94720
94776
94962
95024
95350
95470
95812
95874
96082
96276
96409
96493
96652
96767
96859
97080
97173
97312
97422
97683
97808
97933
97979
98146
98296
98378
98513
98586
98617
98700
98971
99072
99242
99353
99539
99626
99799
99994
100106
100179
100257
100524
100684
100731
100760
100925
100953
101040
101147
101200
101268
101330
101427
101511
101550
101602
101631
101707
101811
101833
101849
101935
102026
102071
102101
102226
102341
102402
102508
102558
102729
102778
102854
102894
102923
102946
102975
102995
103056
103127
103238
103318
103362
103418
103529
103615
103769
103884
104012
104327
104388
104462
104540
104629
104669
104749
104847
104935
105159
105487
105609
105715
105778
105918
106268
106353
106459
106866
106942
107006
107127
107216
107300
107391
107489
107628
107708
107816
107992
108088
108182
108326
108357
108450
108503
108534
108589
108678
108711
108779
108808
108842
108881
108905
108936
108997
109084
109167
109217
109260
109325
109371
109815
109885
109941
110015
110087
110224
110354
110418
110461
110522
110638
110683
110707
110730
110780
110980
111067
111146
111233
111307
111409
111506
111602
111702
111972
112370
112468
112551
112608
112642
112679
112743
112804
113086
113167
113277
113380
113475
113535
113622
113710
113797
113904
114022
114153
114440
114574
114695
114855
115109
115212
115631
115757
115863
115946
116159
116483
116502
116748
116989
117041
117118
117169
117221
117301
117432
117475
117655
117756
117864
118201
118284
118430
118580
118830
118961
119071
119206
119401
119469
120079
120243
120453
120634
120746
120862
120935
120972
121147
121221
121222
121223
121224
121226
121227
121228
121229
121421
121518
121648
122170
122223
122375
122461
122559
122651
122720
122953
123017
123047
123063
123086
123146
123354
123433
123495
123593
123718
123775
123834
123878
123934
123940
123989
124113
124235
124374
124458
124592
124743
124923
125112
125178
125248
125385
125494
125541
125676
125863
126130
126227
126414
126576
126678
126829
127035
127216
127284
127366
127796
127864
128063
128242
128331
128423
128578
128642
128703
128798
128845
128914
128985
129013
129026
129067
129101
129111
129191
129278
129325
129371
129425
129522
129567
129727
129813
129934
130150
130227
130362
130853
130941
131401
131657
132224
132343
132385
132448
132482
132523
132603
132700
132780
132910
133098
133162
133242
133490
133821
133858
133997
134180
134271
134354
134404
134448
135088
135194
135230
135359
135635
135785
135876
135994
136169
136299
136464
137273
137423
137602
137781
137850
137957
138036
138163
138295
138336
138420
138482
138636
138676
138743
138826
139116
139338
139466
140193
140245
140304
140445
140543
140747
140806
140854
140961
141088
141168
141401
141641
141709
141818
141979
142089
142349
142468
142637
142697
142771
142816
142881
142956
143014
143118
143150
143186
143261
143314
143372
143434
143606
143649
143797
143842
143892
143998
144182
144457
144826
144922
144989
145178
145234
145452
145622
145769
145871
145923
146017
146052
146121
146181
146219
146308
146486
146598
146670
146710
146777
146817
147027
147072
147146
147228
147271
147343
147407
147473
147565
147643
147742
147862
147974
148042
148121
148174
148209
148278
148392
148675
148815
148957
149016
149101
149376
149433
149639
149859
149981
150400
150462
150571
150752
150918
151057
151166
151791
151873
152141
152200
152212
152264
152340
152374
152427
152652
152790
152821
152892
152964
152975
153076
153201
153303
153431
153494
153626
153706
154018
154251
154655
154757
154912
154968
155295
155576
155673
155944
155991
156052
156228
156408
156556
156620
156667
156739
156918
157017
157136
157273
157352
157411
157540
157615
157849
158023
158117
158140
158220
158286
158323
158380
158408
158522
158572
158633
158656
158683
158724
158755
158777
158790
158901
158944
158979
158990
159001
159018
159068
159088
159121
159157
159241
159287
159408
159602
159674
159947
160083
160234
160506
160623
160844
160957
161050
161111
161187
161289
161360
161525
161684
161915
161921
162008
162151
162294
162497
162590
162645
162679
162882
163059
163101
163236
163311
163417
163513
163516
163518
163519
163585
163697
163836
163972
164032
164505
164606
164756
164849
164893
165073
165142
165247
165399
165478
165541
165764
165938
166036
166107
166304
166378
166527
166533
166633
166918
167294
167614
167880
168121
168254
168612
168753
169357
169395
169519
169580
169852
169920
170440
170659
171111
171161
171221
171296
171347
171397
171541
171579
171644
171680
171787
171856
171887
171923
172002
172123
172192
172250
172419
172511
172618
172669
173342
173450
173669
173814
174181
174294
174496
174689
175088
175244
175343
175480
175535
175622
175644
175684
175754
175854
175895
175956
176043
176140
176288
176388
176499
176705
176758
176844
176961
177059
177136
177204
177427
177820
178128
178232
178482
178574
178655
178791
179371
179546
179622
179670
179785
179866
180002
180094
180306
180478
180824
180960
181019
181068
181076
181121
181181
181273
181349
181527
181576
181615
181693
181720
181758
181787
181955
182014
182061
182110
182228
182400
182589
182855
182884
183015
183305
183621
183726
183890
184088
184179
184290
184387
184451
184552
184599
184688
184738
184806
184877
184952
185014
185089
185141
185281
185346
185460
185476
185572
185627
185692
185735
185792
185884
185927
186070
186298
186360
186391
186585
186672
186750
186808
186846
186901
186958
187035
187045
187064
187134
187166
187221
187666
188284
188426
188476
188506
188549
188594
188676
188744
188816
188986
189044
189076
189109
189164
189249
189276
189402
189452
189518
189626
189712
189832
189996
190082
190160
190233
190322
190483
190533
190584
190642
190789
190850
190915
190982
191079
191138
191231
191315
191433
191534
191597
191665
191868
191898
192007
192110
192520
192685
193458
193566
193626
193689
193871
194012
194150
194218
194292
194350
194463
194638
194707
194775
194885
194988
195080
195162
195342
195480
195562
195640
195720
195862
195938
196141
196213
196340
196490
196583
196648
196782
196845
197001
197080
197321
197450
197637
197728
197801
197899
197965
198277
198548
198594
198670
198682
198806
199115
199420
199522
199777
200053
200122
200292
200383
200790
201048
201123
201204
201363
201400
201497
201581
201676
201755
201937
202050
202318
202412
202508
202617
202658
202808
202982
203128
203332
203456
203745
203817
203947
204102
204273
204363
204541
204689
204838
205049
205293
205372
205662
205830
205975
206164
206247
206308
206400
206533
206811
206928
206999
207294
207435
207489
207606
207847
207976
208162
208481
208521
208554
208635
208686
208830
208887
208936
208988
209026
209163
209215
209246
209275
209317
209341
209421
209445
209553
209755
209877
210019
210262
210348
210392
210441
210648
210698
210768
210904
211167
211323
211442
211501
211734
211860
212035
212219
212298
212337
212536
212738
212828
212995
213087
213363
213698
213817
213986
214062
214138
214191
214362
214385
214411
214471
214519
214585
214676
214724
214746
214796
214853
214960
215028
215086
215186
215250
215318
215387
215446
215471
215592
215638
215666
215734
215762
215790
215820
215885
216016
216147
216213
216306
216368
216397
216444
216538
216601
216649
216672
216720
216757
216793
216829
216861
216892
216920
216942
216964
216999
217024
217046
217059
217061
217066
217089
217260
217577
218010
218106
218125
218622
218708
218894
219022
219246
219381
219468
219501
219672
219846
219975
220078
220156
220259
220440
220507
220744
220851
220971
221077
221152
221222
221263
221394
221413
221423
221436
221565
221616
221772
222017
222216
222306
222594
222646
222743
222947
223033
223252
223682
223825
224127
224327
224532
224616
224731
224903
224987
225172
225385
225471
225655
225809
225967
226201
226448
226636
226750
226882
226941
227062
227191
227377
227557
227944
227990
228017
228047
228073
228110
228221
228244
228278
228415
228531
228825
229062
229064
229162
229229
229293
229401
229446
233791
